1 30 14 3 0 0 0.110261785
1 14 12 3 0 0 0.065603463
1 22 24 4 0 0 0.032802559
1 11 49 3 1 0 0.040842208
1 10 18 3 1 0 0.077190612
1 20 77 4 0 0 0.041129617
1 8 49 2 1 0 0.043372846
1 20 9 4 0 0 0.053522194
1 15 68 3 0 0 0.020050911
1 17 10 4 0 0 0.068429027
1 14 52 3 0 0 0.042286597
1 16 49 3 0 0 0.011271704
1 20 10 4 0 0 0.061502078
1 20 9 3 0 0 0.001028071
1 11 48 3 0 0 0.021311005
1 15 50 3 0 0 0.009791483
1 11 53 2 1 0 0.025396561
1 18 2 3 0 0 0.033041997
1 14 22 3 1 0 0.020184787
1 10 15 2 0 0 0.004039068
1 8 50 2 1 0 0.041833965
1 15 44 3 0 0 0.011453895
1 18 10 4 0 0 0.055311652
1 17 8 3 0 0 0.031423349
1 19 50 3 0 1 0.025370765
1 14 19 3 0 0 0.07028839
1 17 7 3 0 0 0.024262997
1 12.28 10 3 0 0 0.07104057
1 23.86 18 4 0 0 0.011045818
1 12.64 5 3 0 0 0.06699026
1 17.25 41 3 0 0 0.024338315
1 13.57 6 3 0 0 0.066897078
1 20.16 75 4 0 0 0.026906957
1 16.93 48 3 0 0 0.04102164
1 10 8 3 0 0 0.075648351
1 17.88 48 4 0 1 0.044261971
1 12.7 59 2 0 0 0.03532761
1 16.49 6 3 0 0 0.00294706
1 20.3 19 4 0 1 0.007486524
1 15.36 13 3 0 0 0.013006226
1 27.27 11 4 1 0 0.007905291
1 17.6 20 4 0 0 0.035006336
1 25.84 22 5 1 1 0.009451414
1 17.1 18 3 0 1 0.039806171
1 13.67 52 2 0 0 0.02569066
1 8.59 20 2 0 0 0.077713769
1 14.38 23 3 0 0 0.034915637
1 20.72 25 5 0 0 0.002577919
1 22.09 11 3 1 1 0.013941976
1 12.68 44 3 0 1 0.028660963
1 17.94 16 3 0 1 0.0131301
1 19 0 4 1 0 0.000301238
1 12.55 38 3 1 0 0.044536206
1 22.23 17 4 0 1 0.005427968
1 8.58 48 2 1 1 0.039373506
1 15.52 21 3 0 0 0.006871978
1 20.42 23 4 1 0 0.005297507
1 10.4 58 2 0 0 0.071502376
1 9.95 63 2 0 1 0.014539037
1 15.47 22 3 0 0 0.039151346
1 14.47 34 3 0 1 0.011204904
1 12.9 49 3 1 0 0.021230376
1 14 19 3 0 1 0.061104106
1 10.33 48 3 1 1 0.016803855
1 13 21 3 0 1 0.032713171
1 9.65 19 2 1 0 0.058552535
1 16.74 16 3 0 1 0.005373756
1 13.18 33 3 1 0 0.043279423
1 10.27 53 2 0 1 0.035194079
1 17.46 20 3 0 0 0.026282479
1 13.72 15 3 0 0 0.039656501
1 17.89 25 4 0 0 0.052253409
1 14.78 17 2 0 0 0.059072243
1 22.2 20 4 1 0 0.017803923
1 16.38 18 3 0 0 0.013113719
1 9.88 38 3 0 0 0.107886715
1 11.75 34 3 0 0 0.04192456
1 14.88 32 3 0 0 0.052130879
1 11.58 19 3 0 0 0.071079746
1 26.89 12 4 0 0 0.014996843
1 11.35 17 3 1 1 0.072445231
1 13 22 3 1 0 0.001361484
1 10 49 3 1 0 0.014811927
1 12 44 3 1 0 0.013768717
1 9 10 2 1 0 0.066016953
1 15 24 3 1 0 0.017028533
1 15 39 3 1 0 0.020935001
1 22 48 4 1 0 0.102405223
1 20 16 4 1 0 0.005406346
1 9 79 3 1 1 0.047293833
1 16 9 3 1 0 0.054364176
1 14 13 3 1 0 0.05522692
1 20 22 4 1 0 0.00792919
1 17 73 3 1 1 0.020103744
1 12 12 3 1 0 0.00954032
1 11 14 3 1 0 0.067046886
1 18 16 3 0 1 0.006249673
1 10.99 47 3 1 1 0.013594734
1 18.09 5 3 1 1 0.001470874
1 12.65 73 2 0 0 0.026514261
1 10.7 57 2 0 0 0.049499403
1 18.6 25 3 0 0 0.00524257
1 13.7 72 2 0 1 0.057826151
1 12.93 9 3 1 1 0.062547875
1 22.5 79 4 0 1 0.032307612
1 13.15 47 3 1 1 0.027391351
1 11.81 58 2 0 1 0.017600316
1 16.06 91 3 0 1 0.039491036
1 16.13 56 3 1 0 0.018927865
1 16.53 51 3 0 0 0.020773675
1 15.94 89 3 1 1 0.02870921
1 18.49 20 4 1 0 0.026153742
1 16.08 37 4 0 1 0.046117506
1 11.34 74 2 0 1 0.031695722
1 22.77 21 4 0 1 0.019790816
1 13.6 5 3 1 0 0.061113625
1 12.66 30 3 1 1 0.051087565
1 8.98 47 2 1 0 0.019849684
1 10.34 51 2 0 0 0.034080276
1 15.52 20 3 1 0 0.013792754
1 19.08 45 3 1 0 0.000857157
1 16.74 73 3 1 0 0.038832417
1 12.73 47 2 1 0 0.017299837
1 17.45 53 4 1 0 0.022608448
1 12 81 2 0 1 0.033671337
1 11.13 40 3 0 1 0.05076736
1 11.6 58 3 0 0 0.06458322
1 13.59 47 3 1 0 0.040700711
1 14 9 4 0 1 0.059752072
1 15 39 3 0 0 0.01996473
1 15 34 3 0 0 0.040449961
1 20 9 4 0 0 0.061476248
1 11 48 2 0 0 0.042878382
1 9 26 2 0 0 0.000239059
1 14 37 3 0 0 0.030195499
1 12 35 3 1 0 0.047203893
1 14 72 3 1 0 0.036985573
1 30 25 5 1 0 0.010063718
1 12 31 3 0 0 0.04899411
1 15 17 3 1 0 0.017016946
1 9 44 3 1 0 0.01594125
1 18 21 3 0 0 0.018441402
1 21 21 4 1 0 0.010671918
1 10 52 2 0 0 0.011686332
1 32 16 4 0 0 0.110029796
1 32 19 5 0 0 0.013962082
1 12 76 2 1 0 0.028757973
1 10 38 3 0 0 0.04805729
1 10 18 2 0 0 0.057447905
1 16 7 3 1 0 0.011367541
1 13 92 3 0 0 0.036764412
1 15 46 4 1 0 0.004499736
1 18 9 4 0 0 0.053287997
1 12 9 3 0 0 0.075805057
1 14 29 3 1 0 0.024637863
1 24 38 4 0 0 0.00119495
1 8 73 2 1 0 0.046105953
1 23 20 4 1 0 0.011684918
1 11 19 4 1 0 0.074451574
1 11 21 3 0 0 0.072297009
1 22 50 3 1 0 0.027177467
1 27 20 6 0 0 0.010104791
1 11 26 2 0 0 0.083257198
1 23 15 5 1 0 0.014899385
1 23 58 3 0 0 0.038520592
1 15 9 3 1 0 0.008604293
1 21 22 4 1 0 0.019060396
1 20 42 4 1 0 0.019199479
1 13 22 3 1 0 0.007500077
1 18 38 3 0 0 0.040588079
1 14 58 2 1 0 0.031743485
1 19 19 3 0 0 0.015025363
1 19 39 4 0 0 0.01938167
1 11 14 3 0 0 0.067617565
1 14 35 3 1 0 0.108456842
1 19 19 3 1 0 0.00307021
1 13 47 3 1 0 0.007335991
1 13 36 3 1 0 0.013549454
1 17 20 3 0 0 0.016240591
1 12 36 3 0 0 0.04803484
1 12 10 3 0 0 0.068450512
1 15 12 3 1 0 0.006924915
1 11 52 3 0 0 0.050306279
1 13 48 3 0 0 0.031803836
1 14 9 3 0 1 0.068120444
1 15 41 3 1 0 0.010272015
1 16 17 3 0 0 0.01472278
1 13 10 3 1 0 0.065232873
1 13 5 3 1 0 0.032991509
1 8 36 2 0 0 0.037484969
1 11.54 17 3 0 0 0.070914143
1 10 25 3 0 0 0.049634417
1 13 3 3 1 0 0.06612693
1 16 6 3 1 0 0.000429699
1 21 23 3 0 0 0.044141097
1 13 52 2 1 0 0.070736298
1 29 6 3 1 0 0.013275288
1 10 73 2 0 0 0.03366006
1 16 21 3 0 0 0.031900329
1 13 50 3 1 0 0.010819106
1 16 21 3 0 0 0.00696447
1 15 21 3 1 0 0.035943811
1 11 16 3 0 0 0.058290233
1 10 40 3 0 0 0.010094583
1 15 26 3 0 0 0.014737644
1 14 70 2 0 0 0.036845076
1 16 9 3 1 0 0.053679486
1 13 6 3 0 0 0.063197493
1 24 4 4 0 0 0.012910768
1 20 9 4 0 0 0.053399009
1 11 51 2 0 0 0.028675896
1 14 47 3 0 0 0.018650147
1 33 19 4 0 0 0.013387851
1 13 48 3 0 0 0.01602481
1 35 13 3 0 1 0.098430541
1 30 51 3 1 0 0.035271811
1 10 27 4 1 0 0.067145827
1 15 36 3 0 0 0.023480124
1 15 73 3 0 0 0.036469899
1 18 20 4 1 0 0.033516942
1 17 10 4 0 0 0.065919564
1 15 9 4 0 0 0.06481721
1 19 11 3 0 0 0.003751832
1 19 18 3 0 0 0.015979667
1 19 58 3 0 0 0.039931425
1 10 48 2 1 0 0.020724876
1 26 6 4 0 0 0.014129823
1 19 9 4 0 1 0.064550217
1 10 11 3 1 0 0.064787345
1 9 20 2 0 0 0.059482768
1 32 39 4 0 1 0.012703919
1 11 74 2 1 0 0.04711409
1 15 51 1 0 0 0.031561536
1 11 40 3 1 0 0.037447999
1 13 4 3 1 0 0.060385136
1 16 19 3 0 0 0.011030989
1 18 6 3 1 0 0.000233472
1 21 9 3 1 0 0.061497043
1 10 39 3 1 0 0.010058787
1 25 40 3 0 1 0.021181923
1 16 74 2 0 0 0.026866711
1 13 51 2 1 0 0.041301359
1 12 16 3 1 0 0.004151183
1 16 22 3 0 0 0.03469727
1 10 54 3 0 0 0.067091753
1 13 44 3 0 0 0.015183759
1 21 19 4 0 0 0.037743236
1 26 20 4 0 0 0.11059875
1 18 9 3 1 0 0.061492215
1 19 64 3 0 1 0.103588068
1 19 9 4 0 0 0.062617364
1 12 51 3 0 0 0.023962552
1 9 77 2 1 0 0.047164578
1 15 24 4 0 1 0.010930979
1 11 20 3 1 0 0.06058326
1 26 21 4 0 0 0.007891324
1 16 41 3 0 0 0.024991864
1 14 43 3 0 0 0.046790609
1 11 60 2 0 0 0.047109642
1 16 44 3 0 0 0.024542094
1 18 20 4 1 0 0.035486247
1 13 20 3 0 0 0.051823089
1 21 9 4 0 0 0.059481458
1 14 37 3 1 0 0.004441454
1 18 9 3 0 0 0.070049227
1 13 11 3 0 0 0.064728994
1 12 37 3 1 0 0.041547349
1 10 42 3 1 0 0.006948848
1 11 23 3 1 0 0.050412048
1 18 26 3 0 0 0.007580499
1 9 46 3 1 0 0.010360197
1 22 10 4 1 0 0.000469393
1 15 12 3 1 0 0.0089445
1 11 58 2 0 0 0.032132456
1 16 74 4 0 0 0.008013715
1 17 22 4 0 1 0.004430039
1 16 39 3 1 0 0.008482901
1 17 45 3 1 0 0.025019246
1 19 21 4 0 0 0.029534018
1 10 54 2 0 0 0.067333536
1 13 9 3 1 0 0.061062999
1 12 38 3 0 0 0.013819309
1 15 55 3 0 0 0.040070819
1 13 5 3 0 0 0.090324092
1 9 27 2 0 0 0.002381209
1 15 15 3 0 0 0.005140318
1 18 10 4 0 0 0.06480614
1 17 69 3 0 0 0.023582341
1 9 49 2 0 0 0.005662889
1 14 57 2 1 0 0.03203417
1 13 13 3 1 0 0.001828739
1 15 47 3 1 0 0.018650492
1 11 62 2 1 0 0.015542864
1 13 11 3 1 0 0.067592011
1 26 17 4 0 0 0.039861556
1 26 7 3 0 0 0.014288977
1 17 49 3 0 0 0.008206528
1 15 52 3 0 0 0.032730345
1 11 46 3 0 0 0.040100201
1 10 44 3 1 0 0.011986604
1 14 4 3 0 0 0.030088006
1 8 49 2 0 0 0.012734681
1 17 25 4 0 0 0.012468722
1 24 69 3 0 0 0.032131111
1 21 14 4 1 0 0.018249141
1 22 19 4 1 0 0.009169489
1 13 58 2 1 0 0.039906147
1 19 21 4 1 0 0.007967918
1 16 23 3 0 0 0.038018506
1 14 62 3 0 0 0.030774593
1 14 38 3 0 0 0.021160128
1 13 21 3 1 0 0.004889845
1 10 48 3 1 0 0.013935631
1 18 22 3 0 0 0.011006814
1 16 19 3 1 0 0.014239317
1 22 13 4 0 0 0.041155275
1 12 36 3 1 0 0.040047472
1 13 58 3 1 0 0.013121341
1 14 16 3 0 0 0.00084688
1 23 12 5 0 0 0.005823009
1 15 50 3 0 0 0.026530435
1 31 45 4 0 0 0.105499505
1 20 11 3 0 0 0.003165634
1 12 72 3 1 0 0.018235932
1 11 78 2 0 0 0.031801629
1 20 10 4 0 0 0.05468645
1 22 9 4 0 0 0.069539382
1 13 20 3 0 0 0.052977069
1 13 19 3 1 0 0.006727998
1 14 23 3 0 0 0.008840455
1 10 52 3 0 0 0.017781541
1 14 30 3 0 0 0.047350701
1 17.45 16 3 0 0 0.000972893
1 12 66 2 1 0 0.038459516
1 16 19 3 0 0 0.037653917
1 14 38 3 1 0 0.015930628
1 17 15 3 0 0 0.006450073
1 20 51 3 0 0 0.027568507
1 10 48 3 0 0 0.04002609
1 18 73 3 0 0 0.026212437
1 8 50 2 0 0 0.043569521
1 11 19 3 1 0 0.072342496
1 22 32 3 0 0 0.021524165
1 16 20 3 0 0 0.026619237
1 15 7 2 0 0 0.011236459
1 19 9 4 0 0 0.059704998
1 15 41 3 0 0 0.009843006
1 15 16 3 0 0 0.000573334
1 14 25 3 0 0 0.005627299
1 24 18 3 0 1 0.012108789
1 18 49 3 0 1 0.030814563
1 21 22 4 0 0 0.02117982
1 10 54 2 1 0 0.041167862
1 22 19 3 0 0 0.01004006
1 18 4 4 0 0 0.030141735
1 13 16 3 1 0 0.036865319
1 15 20 3 0 0 0.020144921
1 10 47 3 1 1 0.015505378
1 14 10 4 0 0 0.056028277
1 12 49 2 1 0 0.007660093
1 9 20 3 1 0 0.07802925
1 9 49 2 1 0 0.015673705
1 22 11 4 0 0 0.002980201
1 23 10 5 1 1 0.003650373
1 11 6 3 0 0 0.062378754
1 11 43 3 0 0 0.013753612
1 17 27 3 1 0 0.105908133
1 12 51 3 1 0 0.009766895
1 13 23 3 0 0 0.05072108
1 25 6 4 0 0 0.013585768
1 9 45 2 0 0 0.015714261
1 11 36 3 1 0 0.041867003
1 10 46 3 0 0 0.037870456
1 14 59 3 0 0 0.009176903
1 23 32 4 0 0 0.020836853
1 26 40 3 0 0 0.020608313
1 17 43 4 0 0 0.040552075
1 11 17 3 1 0 0.067685124
1 11 72 2 0 0 0.015415575
1 19 19 4 0 0 0.040588941
1 9 19 3 0 0 0.076346216
1 18 21 4 1 0 0.031532843
1 14 20 3 1 0 0.020768329
1 15 9 3 0 0 0.008392478
1 8 81 3 0 0 0.04890048
1 13 47 3 1 0 0.019116298
1 22 9 3 0 0 0.060569948
1 15 79 3 0 0 0.026889162
1 10 3 3 0 0 0.068296186
1 25 8 3 1 0 0.054547712
1 12 49 3 0 1 0.007090759
1 16 16 3 1 0 0.016257765
1 15 22 3 1 0 0.038014264
1 13 18 3 0 0 0.038018402
1 12 73 2 0 0 0.019919036
1 12 17 3 0 0 0.071180412
1 14 24 3 0 0 0.010764376
1 14 5 3 0 0 0.016174032
1 11 20 3 0 0 0.071538414
1 14 6 3 0 0 0.014610838
1 15 9 3 1 0 0.014453822
1 14 82 2 0 0 0.035331266
1 21 50 3 0 0 0.029891399
1 16 2 3 0 0 0.008592533
1 9 46 2 0 0 0.010133829
1 11 33 3 1 0 0.042077438
1 18 22 3 0 0 0.021204098
1 11 72 2 0 0 0.018610212
1 16 43 3 0 0 0.024334176
1 13 52 3 1 0 0.060998785
1 25 20 4 0 1 0.109002277
1 22 20 4 0 0 0.02047892
1 11 45 3 1 0 0.012642671
1 25 69 3 0 0 0.028723901
1 10 17 2 0 0 0.048869511
1 8 57 2 0 1 0.050430533
1 10 20 3 1 0 0.075049152
1 19 21 3 0 0 0.009273258
1 20 49 3 0 0 0.104380356
1 21 26 4 0 0 0.105938067
1 14 39 3 0 0 0.018776402
1 21 19 4 0 0 0.036522353
1 14 19 3 0 0 0.007005406
1 12 26 3 0 0 0.049961037
1 15 18 3 1 0 0.040782857
1 11 48 2 0 0 0.07398494
1 10 48 3 0 0 0.039258529
1 26 9 4 1 0 0.000102631
1 18 6 3 0 1 0.017914348
1 8 52 2 0 0 0.049628485
1 9 60 2 1 0 0.048874512
1 17 34 3 0 0 0.047110435
1 19 19 3 0 0 0.011707162
1 11 27 3 1 0 0.051982381
1 12 50 3 0 1 0.106191507
1 18 21 4 0 0 0.03264806
1 16 16 3 0 0 0.015305668
1 18 81 2 0 0 0.034815006
1 21 20 3 0 0 0.031992166
1 23 2 4 0 0 0.012665708
1 17 5 4 1 0 0.062112278
1 17 13 3 0 0 0.0063422
1 16 20 3 0 0 0.034543771
1 17 77 4 0 0 0.028894056
1 17 88 3 1 1 0.031613817
1 23 45 3 0 0 0.020810196
1 12 30 3 0 0 0.04965066
1 21 31 3 0 1 0.003405934
1 12 32 3 1 0 0.049803745
1 11 38 3 0 0 0.045274351
1 19 18 4 0 0 0.017014635
1 12 49 2 1 0 0.018774919
1 8 53 2 1 0 0.049034459
1 13 56 3 0 0 0.018680564
1 11 17 3 1 0 0.070900004
1 20 9 4 0 1 0.061158491
1 11 17 3 1 0 0.073348392
1 17 6 3 0 0 0.014441545
1 20 15 4 1 0 0.005458903
1 13 29 3 0 0 0.048098226
1 14 42 3 1 0 0.002326376
1 10 48 3 1 0 0.01340537
1 8 46 2 1 0 0.018222759
1 7 52 2 1 0 0.108275065
1 18 44 3 0 0 0.011732647
1 9 59 2 0 0 0.0105946
1 17 18 3 0 0 0.007391997
1 18 24 4 0 0 0.005705928
1 14 47 3 0 0 0.008518836
1 14 78 3 1 1 0.03701192
1 25 13 4 0 0 0.000780735
1 10 49 2 1 1 0.00799361
1 13 27 3 0 0 0.049924274
1 11 21 3 0 0 0.029504808
1 21 51 3 0 0 0.029491152
1 9 49 2 0 0 0.069660877
1 13 39 3 0 0 0.009194457
1 13 19 3 0 1 0.060343546
1 22 48 3 0 1 0.029413282
1 20 9 4 1 0 0.060455902
1 18 21 4 0 0 0.037024887
1 12 32 3 0 0 0.043572315
1 11 27 4 0 0 0.035487902
1 16 30 3 0 0 0.004668029
1 27 94 4 0 0 0.035035132
1 21 12 3 0 0 0.061055481
1 14 21 3 0 1 0.052258444
1 11 19 4 1 0 0.076373908
1 11.76 46 3 0 0 0.017387984
1 12 36 3 0 0 0.042016259
1 15 10 3 1 0 0.004965266
1 10 8 2 1 0 0.075271278
1 16 9 3 1 0 0.062347785
1 17 29 4 0 0 0.046987491
1 11 75 3 0 0 0.028434664
1 12 75 2 1 0 0.028515155
1 11 43 4 1 1 0.014790408
1 27 13 6 0 0 0.01441468
1 13 74 2 0 0 0.03977772
1 11 9 3 0 0 0.070542036
1 22 18 4 0 0 0.019210549
1 18 20 4 0 0 0.020342217
1 14 3 3 0 0 0.030211018
1 14 10 4 0 0 0.060461903
1 15 50 3 1 0 0.009656607
1 15 4 4 0 1 0.070053917
1 12 46 3 0 0 0.008604707
1 19 3 2 0 0 0.012235388
1 15 47 3 0 0 0.007685544
1 18 8 3 0 0 0.000605993
1 11 47 2 0 0 0.023653348
1 11 18 3 0 0 0.073300318
1 16 17 3 0 0 0.01111286
1 18 88 3 1 0 0.046542756
1 13 48 2 0 0 0.027370142
1 21 16 3 0 0 0.013504759
1 10 89 3 1 0 0.039477724
1 19 14 3 1 0 0.008935637
1 13 23 3 0 0 0.002372622
1 9 84 3 1 0 0.042099302
1 19 20 4 0 0 0.006985369
1 16 48 3 0 0 0.029202019
1 10 40 3 1 0 0.037423031
1 13 39 3 0 0 0.111318134
1 13 41 3 1 0 0.02872566
1 11 44 3 0 0 0.045528997
1 23 53 3 0 0 0.013081268
1 21 9 4 0 0 0.003844945
1 13 49 3 0 0 0.006630747
1 18 9 3 1 0 0.001332067
1 16 21 3 0 0 0.03269472
1 16 6 4 0 0 0.065260428
1 11 19 2 0 0 0.05873752
1 10 69 2 1 0 0.018712671
1 18 30 3 0 0 0.005035653
1 14 31 3 0 0 0.047974592
1 9 53 2 0 0 0.013315223
1 14 4 3 0 0 0.008917842
1 18 65 2 0 0 0.029958406
1 10 49 3 0 0 0.040491517
1 11 22 3 0 0 0.021824127
1 10 9 3 1 0 0.075167923
1 15 24 3 1 0 0.012196798
1 17 16 4 1 0 0.019122747
1 13 40 3 1 0 0.016997358
1 17 73 3 0 0 0.025257167
1 15 12 3 0 0 0.003216743
1 10 14 2 0 0 0.000504741
1 13 10 3 1 0 0.038387647
1 12 34 3 0 0 0.041975255
1 16 8 3 1 0 5e-06
1 11 21 3 0 1 0.073387362
1 16 35 4 0 0 0.011557664
1 12 41 3 0 0 0.04761428
1 11 20 3 0 0 0.072449852
1 23 39 4 0 1 0.005881808
1 16 18 3 0 0 0.003828322
1 15 30 3 0 0 0.049713942
1 9 46 2 0 0 0.014151688
1 11 47 3 0 1 0.040027194
1 12 51 2 1 0 0.026652586
1 14 14 3 0 0 0.01559318
1 15 31 3 0 0 0.044347635
1 15 10 3 0 0 0.064039199
1 19 9 4 0 0 0.059499529
1 17 84 4 0 0 0.028394729
1 14 3 4 0 0 0.06688587
1 13 44 3 0 0 0.011964292
1 15 59 3 1 1 0.023680144
1 19 15 4 0 0 0.031145459
1 9 47 3 0 0 0.006719756
1 16 41 3 0 0 0.01529815
1 12 18 3 0 0 0.071311908
1 20 18 4 0 0 0.017282628
1 11 48 3 1 0 0.016999979
1 18 46 4 0 0 0.038366645
1 23 19 4 0 0 0.019786988
1 11 17 3 0 0 0.048978281
1 21 52 3 0 0 0.004846185
1 12 51 3 1 0 0.015991634
1 15 16 3 0 0 0.019449091
1 18 66 3 0 0 0.01775947
1 27 8 5 0 1 0.031324718
1 20 15 3 0 0 0.030918884
1 14 35 3 1 0 0.043664979
1 10 24 3 0 0 0.007306609
1 17 74 2 0 0 0.031596022
1 17 65 3 0 1 0.020511682
1 11 44 3 0 0 0.046592934
1 19 40 4 0 0 0.019795023
1 12 22 3 0 0 0.04581413
1 11 22 3 0 0 0.069206107
1 28 74 4 0 1 0.037100826
1 16.75 16 3 0 0 0.005039894
1 12 21 3 1 0 0.067867729
1 18 12 4 0 0 0.011421857
1 16 19 3 0 1 0.0063432
1 21 10 4 0 0 0.055057661
1 14 23 3 0 1 0.007286952
1 10 40 3 0 0 0.037431618
1 10 48 3 0 0 0.018227587
1 10 63 2 0 0 0.013263114
1 9 79 2 1 0 0.023972346
1 14 76 3 0 0 0.030306028
1 15 19 3 0 0 0.013925492
1 12 41 3 0 0 0.034147214
1 17 31 3 0 0 0.003405865
1 13 34 3 0 0 0.000890988
1 17 16 3 0 0 0.00156347
1 25.42 10 5 0 0 0.00384091
1 10 84 2 0 0 0.031155942
1 12 38 3 1 0 0.010271188
1 23 33 4 1 0 0.000423216
1 10 41 3 0 0 0.06857868
1 17 79 3 0 1 0.036967364
1 18 68 3 1 1 0.026306102
1 13 21 4 0 1 0.069578765
1 25 45 3 0 0 0.022513783
1 17 52 3 0 0 0.031786283
1 13 26 3 1 0 0.01466643
1 10 72 2 0 1 0.011058544
1 14 71 3 0 0 0.028623373
1 10 40 3 0 0 0.035351544
1 14 4 3 0 0 0.090223289
1 18.23 74 3 0 0 0.02438394
1 29 18 3 1 1 0.09995218
1 15 20 3 1 0 0.022163541
1 26 19 3 0 0 0.012364677
1 23 39 3 1 0 0.036800795
1 12 47 3 0 0 0.004080279
1 9 48 2 0 1 0.008444725
1 11 79 2 0 0 0.013213385
1 11 39 3 1 0 0.052201714
1 27 6 4 0 0 0.018122093
1 19.91 18 3 0 0 0.00865085
1 26.83 3 5 0 0 0.024184713
1 21.88 74 3 0 0 0.036805037
1 15.64 7 3 1 0 0.022817918
1 14.62 58 3 1 0 0.03258364
1 11.58 21 3 0 0 0.070249455
1 8.03 11 2 0 0 0.084194673
1 32.78 41 4 1 0 0.029625441
1 9.65 48 3 0 1 0.008235842
1 17.25 32 3 0 0 0.020797263
1 22.69 29 5 1 0 0.032448316
1 17.64 38 3 1 1 0.020476679
1 15.52 20 3 0 0 0.009382959
1 8.16 87 2 0 0 0.010698852
1 26.38 3 4 0 1 0.01351176
1 9.99 59 2 1 0 0.02010033
1 10.77 60 2 0 0 0.016414367
1 15.41 26 4 0 1 0.054404318
1 9.95 57 2 0 0 0.041943045
1 14.24 59 3 1 0 0.042682982
1 14.31 24 3 0 0 0.011068717
1 20.61 43 3 0 0 0.013327707
1 11.97 36 3 0 1 0.110174569
1 12.42 14 3 1 1 0.001528018
1 16.44 19 3 0 1 0.037618189
1 18.71 28 3 0 0 0.007207875
1 22.26 19 4 1 0 0.008429689
1 19.31 42 3 0 1 0.013094717
1 16.36 43 3 0 0 0.027350657
1 24.06 27 4 0 0 0.00628916
1 11.03 58 2 1 0 0.026622134
1 8.89 48 2 1 0 0.040796169
1 15.16 31 3 1 1 0.003390312
1 14.09 34 3 1 0 0.011582804
1 13.95 18 3 0 0 0.029812771
1 10.76 5 3 0 0 0.006844562
1 19.94 8 3 0 0 0.02566076
1 21.86 11 3 0 1 0.000478877
1 10.64 0 3 1 0 0.011937358
1 12.43 49 2 0 0 0.012792721
1 23.72 23 5 0 0 0.005141043
1 28.77 12 4 0 0 0.010598221
1 11.12 50 2 1 0 0.016228348
1 12.93 44 3 0 1 0.042264905
1 16.65 32 3 0 0 5e-05
1 10.47 48 2 0 0 0.003079108
1 18.85 7 4 0 0 0.014456684
1 23.9 3 4 0 0 0.012833105
1 11.88 15 3 0 0 0.003512497
1 16.44 20 3 1 0 0.033470627
1 15.11 15 3 1 0 0.039758304
1 20.26 57 3 0 0 0.022007008
1 18.77 20 3 0 0 0.040661052
1 11.01 48 3 0 0 0.029360069
1 17.7 45 4 0 0 0.025113187
1 15.22 38 3 0 0 0.01269447
1 12.9 83 2 1 0 0.033329578
1 13 39 3 0 0 0.046004218
1 26.17 21 5 0 0 0.007438036
1 14.61 18 3 1 1 0.0155888
1 21.17 22 3 0 0 0.019463368
1 10.1 50 3 1 0 0.019806162
1 17 14 3 0 0 0.01538771
1 22.42 8 3 0 0 0.012201557
1 11.87 73 2 0 0 0.028375831
1 17.21 19 3 0 0 0.001750213
1 25.15 74 5 1 1 0.03252929
1 16.98 20 3 0 0 0.025747597
1 18.9 9 4 1 0 0.06458091
1 15 24 3 0 1 0.012169933
1 10.74 81 2 0 1 0.034853493
1 15.52 19 3 0 1 0.00719946
1 10.4 73 2 1 0 0.035397928
1 15.35 79 2 0 1 0.034033961
1 10.56 37 3 1 0 0.108861297
1 14.42 27 3 1 0 0.048393428
1 11.62 51 2 0 0 0.023783534
1 13.1 5 3 0 1 0.090226117
1 11.53 23 3 0 0 0.049927688
1 20.68 34 4 0 1 0.021916033
1 16.04 9 3 0 0 0.059655993
1 14.16 62 3 1 0 0.036941603
1 16.42 24 3 0 0 0.032321337
1 16.24 39 2 0 0 0.043521861
1 11.2 75 2 1 0 0.01510644
1 16.44 21 3 0 0 0.03819011
1 12.01 52 3 0 0 0.017943868
1 10.54 42 3 1 0 0.077188129
1 12.29 51 3 0 0 0.012945288
1 7.12 63 2 1 1 0.073842925
1 22.38 18 4 0 0 0.017326357
1 12.35 43 4 0 0 0.020282314
1 16.01 39 4 0 0 0.044839651
1 9.6 24 3 1 0 0.052637379
1 15.63 8 3 0 0 0.053889541
1 11.39 48 2 1 0 0.010726269
1 17 40 4 1 1 0.028386487
1 20.83 51 4 0 0 0.027129979
1 18.64 60 3 1 0 0.03504465
1 18.67 13 3 0 0 0.012418235
1 11.88 15 2 1 0 0.000334345
1 16.78 68 3 0 0 0.038721819
1 15.45 23 3 0 0 0.008833213
1 14.58 19 3 0 1 0.056096008
1 11.21 52 2 0 0 0.026654551
1 13.45 44 3 1 0 0.015522724
1 17.97 50 3 1 1 0.018834649
1 16.53 37 3 0 0 0.010026576
1 9.71 79 2 0 0 0.047335492
1 12.78 43 3 0 0 0.021393117
1 15.51 21 3 0 0 0.036516801
1 16.08 37 3 0 0 0.048034978
1 26.78 9 5 0 0 0.053666105
1 8.16 64 2 1 0 0.019303938
1 9.48 48 2 0 0 0.012531108
1 10 39 3 0 1 0.014481307
1 10.82 49 2 0 0 0.076684354
1 23.89 30 5 1 1 0.033184184
1 13.53 62 2 1 1 0.034120935
1 22.69 11 4 0 1 0.009679093
1 11.67 70 2 1 1 0.033384446
1 14.03 61 2 0 0 0.035101277
1 12.31 24 3 0 0 0.069370951
1 9.02 15 2 1 1 0.002976132
1 15.7 28 3 1 0 0.000122288
1 14.05 25 3 1 1 0.003511186
1 14.44 9 3 1 0 0.074973213
1 18.66 19 4 0 0 0.020247241
1 19.02 62 3 0 0 0.033601572
1 11.03 42 3 0 1 0.007042099
1 15.6 17 3 1 1 0.015914247
1 14.14 34 3 0 0 0.011031369
1 12.04 27 3 1 1 0.001255749
1 18.32 24 4 0 0 0.037807657
1 9.57 46 2 1 1 0.018076744
1 20.64 17 3 0 1 0.012740716
1 14.39 23 3 0 0 0.012374299
1 9.96 48 2 1 1 0.005079588
1 13 62 2 0 1 0.027804634
1 18 9 4 0 0 0.053441875
1 9.57 46 2 1 0 0.017868102
1 15.06 40 3 1 1 0.024642794
1 15.99 74 2 1 1 0.032891516
1 34.47 19 3 1 0 0.009484142
1 16.76 35 3 0 0 0.000597613
1 13.19 37 3 0 0 0.046461162
1 12.17 5 3 0 0 0.004802767
1 12.15 21 3 1 0 0.072100575
1 10.14 48 3 1 1 0.042999118
1 23 22 4 0 0 0.018595004
1 22.93 20 4 0 0 0.018260245
1 21.4 38 3 0 0 0.004349893
1 16.01 38 3 1 1 0.011382853
1 10.23 48 3 0 0 0.000808496
1 15.57 39 3 0 0 0.014984083
1 17.66 8 3 1 1 0.000595302
1 11.93 45 2 1 1 0.058782524
1 19 41 3 0 1 0.018149165
1 9.9 75 2 0 1 0.034504595
1 11.04 47 3 0 1 0.042878278
1 16.4 3 4 0 1 0.069109131
1 21.86 9 4 1 1 0.006949158
1 17.75 35 3 0 1 0.106898303
1 13.28 19 3 0 1 0.007478454
1 23.05 25 3 0 0 0.000800875
1 20.13 24 4 0 0 0.008392237
1 21.71 24 2 0 0 0.043285837
1 11.63 50 3 0 0 0.010176419
1 28.41 27 4 0 1 0.007677026
1 16.78 10 3 1 1 0.064840661
1 11.87 21 3 1 0 0.018878998
1 21.27 50 2 0 0 0.027179846
1 25.47 3 5 0 0 0.05203249
1 10.4 17 3 0 0 0.074174339
1 20.77 9 4 0 1 0.06409993
1 12.3 74 2 0 1 0.041876245
1 32.33 6 4 0 0 0.01286797
1 14.52 37 3 0 1 0.00642207
1 16.64 52 3 0 1 0.016234038
1 21 19 3 0 1 0.013102339
1 12.54 45 3 0 0 0.01190063
1 22.33 61 3 0 0 0.031717207
1 22.73 9 3 0 0 0.061758725
1 14.34 46 3 0 0 0.010350403
1 12.24 40 3 0 0 0.024729665
1 13.21 45 3 1 0 0.007721272
1 35.57 19 6 1 1 0.011655674
1 16.42 31 3 0 0 0.045999218
1 11.18 45 3 0 0 0.069649152
1 16.77 46 3 0 1 0.028074179
1 15.9 17 3 1 1 0.038463896
1 13.18 24 3 0 0 0.005847563
1 17 17 3 0 0 0.00275304
1 13.14 49 3 1 1 0.029628717
1 14.27 11 3 0 0 0.004098281
1 19.89 22 4 1 1 0.006331406
1 21.24 18 4 1 1 0.011320019
1 11.07 48 2 0 1 0.01096143
1 11.05 52 2 1 0 0.022243411
1 13.54 75 2 1 1 0.027182812
1 9.58 53 2 0 0 0.013671776
1 11.18 49 3 0 0 0.028609096
1 16.95 20 3 0 0 0.035912118
1 12.49 21 3 0 0 0.072856618
1 16.45 9 4 1 0 0.076179854
1 9.39 48 2 0 0 0.021078361
1 11.96 28 4 0 0 0.035420551
1 21.23 20 4 0 0 0.008191768
1 16.16 52 3 1 1 0.02729003
1 22.62 9 4 0 0 0.000914645
1 17.58 51 2 1 0 0.028723763
1 25.33 1 4 0 0 0.023984623
1 12.79 77 2 0 0 0.025752011
1 15.48 14 3 0 1 0.020553997
1 17.96 5 4 0 0 0.001452769
1 15.38 16 4 0 1 0.019433089
1 9.6 16 3 0 1 0.049264586
1 10.64 0 3 1 1 0.079082323
1 9.6 16 3 0 1 0.049245963
1 13.5 34 3 0 0 0.047006183
1 9.6 70 2 0 0 0.065134484
1 20 9 4 1 0 0.061488628
1 13.92 36 3 1 1 0.002484909
1 9.86 71 2 1 0 0.046004184
1 10.42 6 3 0 1 0.053080942
1 14.65 3 3 0 0 0.030195465
1 14.16 75 2 0 1 0.028570264
1 17.3 21 3 0 0 0.037965466
1 16.44 19 3 0 0 0.037495349
1 11.55 20 3 0 0 0.074948659
1 11.88 43 3 1 1 0.045308527
1 11.18 76 2 1 0 0.030548915
1 10.64 42 3 0 1 0.00781535
1 11.23 59 2 0 1 0.059288576
1 12.66 74 2 0 0 0.036895081
1 18.85 9 4 0 0 0.061379997
1 16.87 22 3 1 0 0.004337719
1 12.28 21 3 0 1 0.074016184
1 11.2 21 3 0 1 0.07095532
1 10.49 56 2 0 0 0.075349597
1 21.84 21 4 0 1 0.032585433
1 29.04 2 4 0 1 0.023742012
1 18.22 41 3 1 0 0.018116231
1 11.53 58 2 0 1 0.033965264
1 17.45 44 3 1 1 0.014721401
1 11.62 81 2 1 0 0.045874929
1 14.93 3 3 0 1 0.005354064
1 7 73 2 0 1 0.061429346
1 18.77 17 3 0 0 0.041427682
1 14.52 39 3 0 1 0.0080651
1 11.12 37 3 1 0 0.041646256
1 15.52 12 3 0 0 0.015034847
1 18.76 45 3 0 0 0.025453291
1 12.7 51 2 0 1 0.020544306
1 17.46 32 4 1 0 0.046724361
1 25.64 44 3 0 0 0.022261447
1 17.66 4 3 1 0 0.013588458
1 15.33 10 3 0 1 0.063589395
1 19.01 33 4 0 0 0.047981869
1 26.27 23 5 0 0 0.005998337
1 14.28 6 3 0 1 0.014269458
1 21.58 27 4 0 1 0.00701151
1 21.34 21 4 0 0 0.037954154
1 19.84 19 4 1 1 0.00572762
1 20.41 74 5 0 1 0.041373504
1 28.19 16 4 0 0 0.011077753
1 14.47 26 3 1 0 0.020538961
1 16.88 11 3 0 1 0.071145788
1 11.43 18 3 1 0 0.076590689
1 10.12 49 4 1 0 0.015630114
1 22.1 14 4 0 1 0.020110641
1 15.02 3 4 0 1 0.06963822
1 15.52 22 3 0 0 0.031139872
1 17 17 3 0 1 0.009849179
1 14.9 24 3 1 1 0.006069586
1 7.18 51 1 1 1 0.044177239
1 16.9 3 4 0 1 0.068138618
1 19.9 33 3 0 1 0.021301384
1 14.52 25 3 1 1 0.014677741
1 15.18 9 3 0 1 0.014462719
1 13.51 48 3 0 1 0.004492218
1 8.32 50 2 1 1 0.02387944
1 17.41 40 3 0 0 0.024245685
1 18.9 9 4 0 0 0.064594222
1 14.79 52 3 0 0 0.027676518
1 20.54 17 4 0 1 0.00308935
1 25.72 19 4 0 0 0.006004096
1 21.16 11 4 1 1 0.015102888
1 23.23 68 4 0 1 0.020785503
1 15.83 9 3 0 1 0.012119894
1 13.46 77 2 0 1 0.037102723
1 15.05 25 3 0 0 0.049987453
1 26.06 31 4 0 0 0.011392509
1 17.58 23 3 0 1 0.006973713
1 11.65 44 4 1 1 0.015933594
1 11.8 59 2 1 1 0.044852308
1 16.82 30 4 0 1 0.04780085
1 10.64 0 3 1 1 0.077134331
1 9.6 20 3 0 1 0.074779262
1 17.58 21 3 0 0 0.052265927
1 11.58 22 3 0 0 0.065644501
1 22 22 4 0 1 0.03835961
1 12.57 23 3 0 1 0.004726931
1 22.26 20 4 0 1 0.021042599
1 12.23 31 3 0 1 0.049286381
1 27.07 53 3 0 1 0.034718858
1 22.26 20 4 0 1 0.02647105
1 13.91 44 3 0 0 0.028702381
1 18.95 7 3 0 1 0.009717959
1 26 30 5 0 1 0.005605573
1 18.32 20 4 0 1 0.035118209
1 12.86 43 3 1 1 0.001580955
1 14.7 3 3 1 1 0.065944566
1 11.04 46 3 1 1 0.001481358
1 33.01 44 3 0 1 0.028657825
1 15.16 30 3 0 0 0.012363298
1 17.23 7 3 0 1 0.010009575
1 11.63 52 2 1 1 0.020393774
1 14.55 8 4 0 1 0.075409741
1 12.24 39 3 1 1 0.012911906
1 14.33 19 3 1 1 0.004598677
1 23.25 5 4 0 1 0.018785196
1 13.72 73 3 1 1 0.023032733
1 21.4 22 3 0 0 0.009169765
1 12.71 19 3 0 1 0.063326333
1 14.66 38 3 1 1 0.038461517
1 14.9 20 3 0 1 0.072534826
1 14.98 71 3 0 1 0.038581874
1 12.95 58 2 0 0 0.03867878
1 23 49 3 0 1 0.028704864
1 10.04 52 3 1 1 0.020847199
1 11.96 28 4 1 1 0.035887564
1 13.3 8 3 0 1 0.061927811
1 15.25 50 3 1 1 0.042851586
1 23.25 6 4 0 1 0.007610847
1 15 0 3 0 0 0.000571679
1 13.49 51 3 0 1 0.029494393
1 15.57 27 4 1 1 0.013518623
1 8.35 77 2 1 1 0.046305663
1 14.07 44 3 0 1 0.038826657
1 14.52 75 3 0 1 0.040046885
1 16.52 40 3 1 1 0.009327229
1 19.47 43 3 0 1 0.014955045
1 20.1 13 4 0 1 0.007927155
1 15 10 3 0 1 0.054366832
1 16.77 19 3 0 1 0.006550325
1 12.76 56 3 1 1 0.038792171
1 30.5 20 5 0 1 0.010836038
1 13 31 3 0 1 0.04368643
1 15.01 21 3 1 1 0.038884594
1 9.27 50 2 0 1 0.01350469
1 19.71 5 4 0 1 0.033046239
1 11.34 16 3 1 1 0.058083729
1 8.86 53 2 1 0 0.067633394
1 13.82 38 3 0 1 0.031475941
1 22.26 20 4 1 0 0.013627806
1 14.57 22 3 0 1 0.007916878
1 13.01 20 4 1 1 0.074200479
1 11.25 60 2 0 1 0.046083709
1 9.6 20 3 0 0 0.075139679
1 17.7 22 3 1 0 0.004948609
1 15.45 24 3 0 1 0.009938533
1 10.54 78 2 0 1 0.034648644
1 12 40 3 0 1 0.044840237
1 11.13 39 3 0 1 0.053071251
1 16.88 18 3 0 1 0.01242358
1 18.11 46 4 0 1 0.018468956
1 15.33 5 4 0 0 0.052543921
1 18.78 53 3 0 1 0.019536479
1 11.34 16 3 0 1 0.05708842
1 22.26 21 4 0 0 0.033634644
1 15.91 34 3 0 1 0.001565953
1 13 47 3 0 1 0.008201769
1 25.1 21 5 0 1 0.009936602
1 25.47 3 5 0 1 0.052433117
1 18.06 9 3 0 1 0.008663506
1 11.36 18 4 1 1 0.074143197
1 12.22 13 3 0 0 0.002784802
1 8.7 50 2 1 1 0.004713033
1 14.33 20 3 0 1 0.026854124
1 10.2 52 2 0 1 0.023828538
1 9.77 52 2 1 1 0.049479849
1 20.86 9 3 0 0 0.000145498
1 11.36 20 4 1 1 0.078774257
1 20.72 24 5 1 0 0.001604302
1 21.75 9 4 0 0 0.010381716
1 11 29 3 0 0 0.042587662
1 16.98 20 3 1 0 0.014565937
1 17.6 12 3 0 1 0.008400307
1 14.05 13 3 1 1 0.05621471
1 19.04 20 4 1 0 0.031975992
1 15.86 37 3 0 1 0.006373375
1 13.52 3 3 0 1 0.064155591
1 15.03 9 3 0 1 0.014422474
1 16.39 51 2 0 1 0.041322775
1 29 1 5 0 0 0.028661903
1 16.87 22 3 0 1 0.004690721
1 13.62 12 3 1 1 0.008985539
1 22.08 8 4 1 0 0.010498521
1 11.65 30 3 1 1 0.047160199
1 14.58 40 3 0 0 0.020657042
1 21.58 5 4 1 1 0.023959
1 26.9 9 3 0 0 0.000240162
1 18.32 69 3 0 1 0.026811809
1 23 5 4 0 1 0.010170763
1 8.52 50 2 1 1 0.040250837
1 12.29 24 3 0 1 0.049514232
1 19.28 79 3 0 1 0.025696488
1 20.65 69 4 0 0 0.040570284
1 12.1 36 3 1 1 0.040061611
1 19.41 44 2 0 1 0.02472394
1 16.91 4 3 0 1 0.030080936
1 15.35 15 3 1 1 0.006400344
1 15.54 40 3 1 0 0.044776852
1 10.5 41 3 0 1 0.047838371
1 10.77 93 2 1 1 0.042389435
1 10.63 42 3 0 1 0.03562871
1 10.4 27 3 0 1 0.035615122
1 10.14 48 3 0 0 3.67e-05
1 16.33 7 3 0 1 0.009529215
1 9.93 56 2 0 1 0.02384592
1 16.9 5 4 0 1 0.061174631
1 8.32 76 2 0 0 0.02464176
1 16.52 30 4 1 1 0.039909044
1 8.04 52 2 0 1 0.049487126
1 15.98 70 2 1 1 0.029141219
1 15.33 9 3 1 0 0.06116394
1 18.36 23 3 0 1 0.039598012
1 15.14 30 3 0 1 0.034381686
1 11.29 47 3 0 1 0.022642417
1 22.26 20 4 0 0 0.029913126
1 21.84 84 3 0 1 0.026969653
1 11.36 19 3 1 1 0.076590516
1 9.62 48 3 0 1 0.005711273
1 16.34 10 3 0 0 0.054743353
1 11.58 20 3 0 0 0.071782232
1 15.33 5 4 1 0 0.052618067
1 14.01 14 3 0 1 0.065400545
1 8.98 48 2 0 1 0.022137814
1 19.42 15 4 0 1 0.014280528
1 9.72 47 3 1 0 0.007484661
1 15.98 22 3 0 1 0.039722921
1 18.78 19 3 0 0 0.067837794
1 15.05 54 3 1 1 0.026819775
1 9.15 53 2 1 0 0.047110469
1 16.21 20 3 1 1 0.035531148
1 22.66 19 4 0 0 0.006699995
1 26.45 22 4 1 0 0.010148106
1 14.81 73 2 1 1 0.037705163
1 22.68 11 5 0 1 0.005815043
1 10.92 37 3 0 1 0.039723508
1 11.1 76 3 1 0 0.084119734
1 15.63 9 3 0 1 0.053339761
1 17.77 2 4 0 1 0.079296207
1 8 53 2 1 0 0.074635075
1 18.85 9 4 0 1 0.060804524
1 14.99 32 4 1 1 0.049980245
1 13.32 52 2 1 0 0.059769211
1 13.74 14 3 1 1 0.021047772
1 12.66 31 3 1 1 0.048854234
1 16.07 39 4 0 0 0.048889134
1 13.91 45 3 1 1 0.04562649
1 30.23 11 4 0 0 0.00505931
1 14.67 19 4 1 1 0.06391667
1 12.11 54 3 1 1 0.063587395
1 19.39 51 2 0 0 0.061039307
1 31.78 20 3 0 0 0.010787378
1 21 7 4 0 1 0.011224147
1 11 49 3 1 1 0.044589005
1 18.95 23 4 1 0 0.035945811
1 8.5 59 2 0 1 0.064457139
1 20.01 3 4 0 0 0.030194051
1 11.97 42 3 1 0 0.019262279
1 11.2 37 3 1 1 0.041187761
1 15.22 40 3 1 1 0.018535454
1 11.95 22 3 1 1 0.020789297
1 10.64 0 3 1 1 0.080583614
1 13.01 20 4 0 0 0.073896172
1 21.98 25 4 1 0 0.004636853
1 26.72 20 5 0 1 0.009239323
1 18.11 10 3 1 0 0.003894019
1 19.43 9 4 0 1 0.06581945
1 15.13 59 3 1 0 0.035418344
1 10.03 45 3 1 0 0.000316515
1 15.14 16 4 0 1 0.018475095
1 15.61 14 3 0 0 0.011501279
1 23.86 77 4 0 0 0.037119104
1 15.76 49 3 0 0 0.027950063
1 11.4 53 2 0 1 0.026191677
1 15.52 20 3 0 1 0.022224099
1 12.54 45 3 1 0 0.036543252
1 14.98 4 4 0 0 0.069432578
1 13.08 80 3 0 0 0.047405362
1 10.64 0 3 1 1 0.072511548
1 11.06 44 3 1 1 0.046478267
1 26.22 11 3 0 0 0.000579301
1 14.1 27 3 0 1 0.012223973
1 11.18 42 3 0 0 0.027138084
1 15.52 20 3 0 1 0.022070359
1 13.3 25 3 0 1 0.003461699
1 22.09 12 4 0 0 0.009387373
1 9.92 44 3 1 1 0.051275171
1 16.74 12 3 0 1 0.005880808
1 16.45 9 4 0 1 0.075256311
1 13.9 30 3 1 1 0.047696909
1 19 9 4 0 0 0.064541733
1 21.15 23 4 1 0 0.006125281
1 18.03 44 2 0 1 0.027556161
1 28 17 3 0 1 0.005044653
1 10.14 52 2 0 1 0.065435825
1 11.58 59 2 1 1 0.040942667
1 11.5 38 3 0 1 0.051414633
1 14 33 4 0 1 0.052329417
1 18.67 12 4 1 1 0.010602497
1 16.63 23 4 0 0 0.005884946
1 14.27 12 3 1 1 0.009086515
1 14.11 74 3 1 1 0.024908994
1 11.75 31 3 0 1 0.04125894
1 19.04 23 4 1 1 0.038670538
1 17.69 91 3 0 0 0.035343853
1 16.94 9 3 0 0 0.062114761
1 13.28 20 2 1 0 0.059516599
1 18.72 10 4 0 1 0.014891039
1 19.84 19 4 0 1 0.012570009
1 13.93 32 2 0 0 0.05035656
1 12.24 52 2 0 0 0.050348352
1 8.04 52 2 1 0 0.049515129
1 11.16 78 2 1 0 0.023461432
1 15.73 9 4 0 1 0.064814451
1 13.19 17 3 1 1 0.072509272
1 9 73 3 1 0 0.044637217
1 10.72 15 3 0 1 0.058546086
1 19 78 4 1 0 0.037445102
1 11.98 43 3 0 1 0.048915826
1 15.27 23 3 0 0 0.032555603
1 26.01 54 5 1 0 0.03375745
1 10.81 54 2 1 1 0.040091373
1 23.88 25 4 0 1 0.003939678
1 12.92 17 3 0 0 0.000697485
1 12.92 74 2 0 1 0.025495502
1 14.13 33 3 0 0 0.045430298
1 11.99 57 3 0 0 0.041622909
1 11.58 20 3 0 0 0.073847271
1 19.49 43 3 0 1 0.012059405
1 13.01 22 4 0 1 0.068523278
1 14.7 51 2 0 1 0.035588154
1 14 5 4 0 1 0.062072895
1 11.65 44 4 1 0 0.01588652
1 17.61 77 4 0 0 0.032665993
1 19.73 9 4 1 0 0.062549082
1 26.78 10 5 1 0 0.055629857
1 16.93 44 3 0 0 0.036629398
1 22.96 7 4 0 1 0.013543867
1 13.95 18 3 1 1 0.070328877
1 19.66 9 4 0 0 0.012000157
1 13.13 19 3 1 0 0.005768107
1 8.8 92 2 1 1 0.047535271
1 19.71 38 3 0 0 0.023647486
1 20.86 9 3 1 0 0.000939406
1 19.14 12 4 0 1 0.005180702
1 14.04 58 3 1 0 0.078557028
1 10.86 76 2 0 0 0.037838005
1 18 10 4 0 0 0.055771837
1 13.85 10 2 0 1 0.065079168
1 11.64 20 3 1 1 0.055726488
1 25.92 14 5 0 0 0.028560781
1 8.89 51 2 1 0 0.025544162
1 17.79 40 3 0 0 0.024721285
1 21 37 3 0 0 0.102982765
1 11.54 17 3 1 1 0.070131305
1 14.87 31 3 0 1 0.047689046
1 14.42 49 3 0 0 0.019412225
1 9.65 18 2 1 0 0.060891843
1 21.05 9 3 0 0 0.061470902
1 14.81 71 3 1 0 0.011389716
1 14.25 51 2 1 0 0.033693167
1 20.17 17 3 0 0 0.013190244
1 13.83 75 2 0 0 0.034743171
1 21.04 1 3 0 0 0.012719196
1 15.19 18 3 0 0 0.01853686
1 9.57 46 2 0 1 0.019215343
1 14.7 19 3 1 0 0.052928823
1 13.95 16 3 1 0 0.069693432
1 11.58 19 3 1 0 0.073110851
1 23.09 10 5 1 0 0.004442937
1 9.88 59 2 0 1 0.075640247
1 18 50 2 0 0 0.031151701
1 20.61 1 3 0 0 0.01199795
1 23.88 25 5 0 0 0.006158491
1 19.55 7 4 0 0 0.062056824
1 10.25 53 3 0 0 0.029095422
1 11.1 22 3 1 0 0.068327844
1 14.05 19 3 0 0 0.061551462
1 26.78 9 5 1 0 0.054526538
1 7.8 54 2 1 0 0.045733949
1 12.96 20 4 0 0 0.058565743
1 10.56 38 3 0 1 0.039529591
1 16.17 44 3 0 0 0.026276582
1 14.26 28 3 0 0 0.045785265
1 17.1 38 3 1 0 0.001527846
1 7.44 59 2 1 0 0.077526302
1 9.84 58 2 1 0 0.076951208
1 14.96 28 3 0 0 0.046853788
1 9.41 52 2 0 0 0.030383346
1 13.32 39 4 0 0 0.035274432
1 12.48 21 3 0 0 0.076857302
1 27.27 12 5 0 0 0.017023015
1 14.75 4 4 0 0 0.060583363
1 12.64 60 2 1 0 0.035097587
1 15.01 21 3 0 0 0.038170245
1 10.63 41 3 0 0 0.035686336
1 11.75 32 3 1 0 0.0412318
1 23.9 4 4 0 0 0.008439621
1 20.3 20 3 0 0 0.021915205
1 12.22 15 3 0 0 0.057918126
1 9 50 3 1 0 0.07412961
1 17.9 17 3 0 0 0.013117375
1 13.82 29 3 0 0 0.047671251
1 22.01 7 4 0 0 0.010586392
1 11.36 19 4 0 0 0.075594415
1 17 4 3 1 0 0.030065383
1 8.7 50 2 0 0 0.004838012
1 12.71 3 3 0 0 0.068891385
1 19.82 44 2 0 0 0.029060521
1 12.14 48 3 1 0 0.005705135
1 22.09 12 4 1 0 0.01068054
1 16.23 72 3 1 0 0.033548428
1 13.05 50 2 1 0 0.015955975
1 12.45 14 3 1 0 0.001610475
1 10.83 60 2 0 0 0.04792538
1 27 6 5 0 0 0.000129117
1 12.06 46 3 1 0 0.040367504
1 11.18 22 3 0 0 0.069399609
1 18 4 3 0 0 0.030127596
1 19.14 20 4 1 0 0.026221852
1 13.82 42 3 1 0 0.038442549
1 11.39 49 2 0 0 0.011695506
1 9.9 47 3 1 0 0.011175452
1 14.55 17 3 1 0 0.014720263
1 9.08 63 2 0 0 0.01115176
1 25.25 9 4 1 0 0.054719695
1 10.72 16 3 1 0 0.063641193
1 16.33 6 3 0 0 0.007369443
1 15.51 21 3 0 0 0.035233911
1 9.12 48 2 1 0 0.006591432
1 15.19 18 3 0 0 0.019267003
1 15.36 93 3 0 0 0.038785205
1 24.17 10 4 0 0 0.062125107
1 12.57 15 3 1 0 0.068696227
1 11.72 58 2 1 0 0.070839101
1 10.2 23 3 1 0 0.050333592
1 13.62 21 3 1 0 0.032447005
1 14.53 33 3 0 0 0.044641527
1 11.8 59 2 1 0 0.041886798
1 19.08 23 4 0 0 0.008159868
1 12.33 79 2 1 0 0.036661091
1 16.49 23 3 0 0 0.035853043
1 17.02 17 3 0 0 0.017422091
1 12.5 35 3 0 0 0.00990515
1 21.36 6 4 0 0 0.016621664
1 10.33 34 3 0 0 0.049200649
1 13.13 19 3 1 0 0.006857115
1 13 11 3 0 0 0.066965222
1 15.19 67 3 0 0 0.038515039
1 11.51 40 3 0 0 0.050961104
1 13.84 37 3 0 0 0.047199651
1 11.52 35 3 1 0 0.04365791
1 14.05 19 3 0 0 0.061491594
1 18.93 20 3 0 0 0.022079498
1 14.27 12 3 0 0 0.01475706
1 13.4 76 2 0 0 0.025681762
1 17.83 20 3 0 0 0.004369378
1 10.78 27 3 0 0 0.081727041
1 12.86 34 3 1 0 0.002394176
1 14.67 57 4 1 0 0.07310116
1 12.72 20 3 0 0 0.012910043
1 16.72 22 3 0 0 0.036828798
1 14.51 19 4 1 0 0.06447434
1 19.96 19 4 0 0 0.028914093
1 13.08 52 2 1 0 0.027873404
1 18.67 33 4 1 0 0.046394603
1 11.18 22 3 1 0 0.069123788
1 11.58 49 2 0 0 0.02212333
1 12.62 53 3 0 0 0.018879826
1 14.55 9 4 1 0 0.075146886
1 10.26 39 3 1 0 0.049433776
1 13 20 4 1 0 0.072624077
1 10.53 43 2 1 0 0.056793597
1 15.19 19 3 0 0 0.036310124
1 21.34 21 4 0 0 0.038563113
1 16.06 50 3 0 0 0.011895078
1 13.39 59 2 0 0 0.03236248
1 11.7 39 3 0 0 0.039081959
1 11.16 79 2 1 0 0.027081802
1 12.24 36 3 1 0 0.011031369
1 15.02 2 4 0 0 0.068301773
1 11.04 46 3 1 0 0.042920972
1 15.49 10 3 0 0 0.002040588
1 11.54 19 3 0 0 0.078840712
1 15.6 19 3 0 0 0.024184954
1 16.95 20 3 1 0 0.034809833
1 16.03 34 4 0 0 0.042642496
1 12.48 26 3 0 0 0.071291699
1 9.14 49 2 1 0 0.031828253
1 13.36 19 3 0 0 0.072333426
1 12.84 22 3 1 0 0.051017903
1 22.27 20 3 1 0 0.02332259
1 14.14 2 3 0 0 0.091487384
