12.72188581
11.54248427
11.87687389
11.46163217
11.19821472
11.87059991
11.27339843
11.77528973
11.60823564
11.71177632
11.33857208
11.47729829
11.8493977
11.9511804
11.35627165
11.87687389
11.58524613
11.9316358
11.7905572
11.59450545
11.28971941
11.6127708
11.82041016
11.85296277
11.66134547
11.4019939
11.91505167
11.48760766
12.32385568
11.64395373
11.98449037
11.68266824
12.03171926
11.88793137
11.50287513
11.77490504
11.77528973
11.91839057
12.01370075
11.73606902
12.1521443
11.75978554
12.10071213
11.79622294
11.9511804
10.87804719
11.71586631
11.8277362
11.8277362
11.45635511
12.01370075
12.12269104
11.34981813
12.03469103
11.35040654
11.76756768
11.80931948
11.22524339
11.35040654
11.74403719
11.69441334
11.67419361
11.49272276
11.36210258
11.65268741
11.19821472
11.8386256
11.28978191
11.11988288
11.65225253
11.7352687
11.58524613
11.45105006
11.99843328
12.1281111
11.50287513
11.39582969
11.65225253
11.48195066
12.01974307
11.39526742
11.56076279
11.39639165
11.30220443
11.00209984
11.55214618
11.73206099
11.98286659
11.78858556
11.09877273
11.7279562
11.3736634
11.80559508
11.57496086
11.49170183
11.26318123
11.74324322
11.42900023
11.82224671
11.57590026
11.28978191
11.91839057
11.27720313
11.6784399
12.01370075
11.72803684
11.6784399
11.6483301
11.60823564
11.73606902
11.62267633
11.77528973
11.84222921
11.66992921
12.01370075
11.607781
11.33857208
11.38452375
11.58988651
11.75587164
11.9511804
11.8277362
11.31447453
11.58058411
11.66134547
11.58058411
11.32659589
11.28978191
11.68266824
11.97665948
11.50287513
11.97003381
11.41861479
10.93310697
11.34568955
11.1844214
11.6784399
12.56024446
11.59910316
11.53076538
11.00209984
11.60823564
12.03765399
11.15625052
12.71889627
12.78689064
11.35040654
11.22524339
11.0611546
11.87059991
11.60823564
11.46163217
11.75978554
11.48246626
11.69483027
12.5776362
10.98529272
12.14950229
11.27720313
11.2515607
11.9511804
12.34561717
11.26318123
11.87059991
12.11724143
11.71993963
11.95053503
11.99535161
11.80185676
11.96081129
11.75978554
12.20607265
11.9316358
11.49272276
11.60823564
11.97665948
11.37939407
11.69107165
11.86076146
11.30220443
11.28978191
11.66992921
11.40700924
11.45635511
11.72399644
11.7905572
11.85103921
11.56279124
11.75978554
11.36210258
11.40700924
11.35040654
11.6351431
11.88379913
12.25486281
11.28978191
12.8346813
11.40756495
11.61728548
11.36210258
11.77528973
11.58988651
11.34450681
11.45105006
11.57590026
11.48246626
11.65702581
11.58988651
12.56024446
11.8493977
11.51292546
11.46163217
12.76568843
11.58058411
12.7367009
12.26434155
11.14113688
11.65268741
11.48195066
11.75941829
11.76756768
11.64395373
12.09514108
11.74403719
12.10071213
11.35392973
12.59473064
11.98292909
11.56171563
11.15625052
12.67607627
11.28915672
11.51292546
11.32659589
11.67180779
11.79810441
11.98292909
11.87059991
11.21182037
12.4874851
11.56171563
11.39639165
11.59910316
11.64395373
11.1124479
11.65268741
11.90496755
12.56024446
11.71993963
12.32829028
11.7905572
11.28915672
11.22524339
11.56171563
11.35040654
12.44901882
11.80559508
11.51242534
11.22524339
11.79810441
11.60823564
11.27720313
11.86358234
11.35040654
11.73606902
11.61908566
11.35040654
11.34981813
11.3736634
12.10071213
11.2708539
12.09793049
11.65268741
11.66134547
11.73606902
11.76756768
11.85651517
11.83500896
11.67419361
11.38509209
11.62625415
11.42954386
11.64395373
11.68645852
10.93310697
12.1388639
11.81303006
11.79810441
11.2835123
11.68266824
11.64395373
11.53761808
11.33857208
11.51292546
11.95761129
12.64109656
11.69524702
11.96718074
11.48760766
11.38509209
11.80559508
11.16690782
11.71993963
12.23076526
11.88448902
11.7905572
11.6307085
11.70766954
11.65181746
11.64395373
11.77528973
11.72803684
11.38509209
12.00762171
12.18841771
11.88448902
11.38509209
11.30220443
11.81303006
12.04355372
11.81303006
12.79385931
11.71177632
11.46163217
11.35568669
11.79810441
11.88448902
11.31447453
11.53272809
11.48246626
11.44035477
11.4019939
11.84222921
11.39639165
11.68687877
11.37939407
11.69524702
11.96400108
11.34922937
11.68687877
11.40756495
11.15625052
12.04355372
11.50287513
12.02275059
11.7905572
11.92171836
11.87409031
11.53272809
12.56024446
11.9823039
12.25486281
11.50287513
12.30138283
12.01370075
11.58524613
11.71095632
11.35040654
11.54151292
11.28915672
11.20504069
11.40700924
11.97665948
11.91839057
11.53272809
11.39075783
12.07254125
11.45741276
11.61457912
12.52452638
11.28853113
11.39639165
11.30220443
11.39075783
12.10043431
12.34800614
11.69107165
11.19821472
11.49272276
11.7977284
11.30220443
11.76679219
11.66134547
11.9511804
10.94199592
11.28915672
11.90834024
11.58988651
11.48246626
11.97665948
11.31447453
11.71586631
11.61728548
11.64395373
11.4019939
11.55214618
11.59910316
11.7829526
11.15625052
11.7829526
11.73566894
11.66134547
12.4292162
12.09514108
11.14186178
11.27720313
11.98292909
11.46845097
11.76756768
11.28978191
12.44901882
11.88449592
11.32357929
11.9316358
11.12726298
10.91326863
11.0806029
12.23027733
12.1278408
12.31043266
11.66134547
11.90496755
11.69524702
11.44838694
11.67801608
11.13458902
11.45105006
12.05641187
11.83500896
10.97678203
10.91508846
11.60823564
11.7905572
11.2708539
11.84222921
11.67419361
11.77490504
11.77528973
11.7829526
12.42118403
11.79433792
11.84904049
11.7109153
11.56171563
11.76756768
12.20607265
11.19134184
12.25486281
11.41861479
11.50287513
11.86709728
11.26446411
10.94199592
11.65268741
11.17745273
11.89818787
11.25803322
11.91839057
11.77528973
11.35040654
11.6307085
11.53272809
11.2835123
11.31447453
11.88448902
11.32055357
12.12269104
11.8493977
11.71177632
11.69524702
12.46458334
11.10495723
11.42409425
11.44035477
12.11450545
11.22524339
11.6351431
11.36789969
12.07254125
11.88448902
11.80559508
11.39639165
11.5228758
12.15477935
12.1281111
11.86709728
11.47210347
11.2185544
11.39639165
11.35039477
11.79244935
11.4616427
11.65702581
11.69107165
11.28915672
11.26446411
11.11914186
12.13081016
11.69524702
11.60823564
11.91772368
11.9381932
11.81265962
11.58988651
11.49272276
11.67419361
11.35919137
12.27839331
11.60823564
11.99535161
11.84581988
11.40700924
11.71586631
11.91805718
11.49272276
12.27816072
11.1124479
12.16982351
11.52781408
11.1844214
11.86358234
11.91505167
11.2835123
11.36210258
11.33260191
11.3083583
12.18075484
12.11724143
11.57118494
12.07254125
11.6307085
11.67674355
11.2708539
11.01039864
12.08672589
11.51242534
11.32055357
11.81191833
12.23076526
11.38509209
11.58058411
11.45105006
11.51292546
11.65268741
11.61728548
11.77528973
11.77143616
11.49272276
11.41861479
11.58988651
11.94470788
11.34450681
11.60823564
11.55214618
11.36210258
12.01370075
11.6307085
11.51292546
11.4019939
11.44035477
11.58988651
11.6784399
11.55214618
11.66992921
11.74006104
11.64131868
11.77528973
11.58058411
11.57119437
11.98261655
11.47210347
11.51292546
11.35040654
11.89818787
11.53272809
11.84904049
11.9381932
11.25803322
12.04060821
11.36210258
11.73606902
11.82041016
12.27839331
11.87756858
11.43496392
11.28978191
11.61728548
11.9381932
11.27720313
11.9511804
11.3736634
11.39075783
12.52452638
11.81303006
11.2515607
11.75194237
11.84904049
11.8277362
11.41861479
11.27720313
11.32055357
11.48246626
11.3736634
11.62625415
11.65918797
11.31447453
12.12269104
11.75587164
12.06968002
12.13350195
11.10495723
11.2185544
11.85651517
11.15482093
11.88448902
11.76368418
11.54248427
12.46843691
11.66992921
11.57119437
11.39639165
11.51292546
11.3736634
11.82407989
11.79433792
12.56024446
11.66992921
12.5776362
11.86428631
11.22390917
11.35040654
11.35040654
11.26446411
12.62642637
12.27839331
12.27839331
11.97665948
11.77528973
11.69483027
11.40756495
11.12726298
12.27839331
11.22524339
11.73606902
12.10430013
12.17018637
11.80110741
11.12726298
12.68230682
11.25803322
11.32055357
11.55214618
11.54248427
11.67419361
11.71177632
12.05815252
11.66950177
11.607781
11.8493977
12.07254125
11.88448902
12.27816072
11.81303006
12.19602231
11.32659589
11.32659589
12.01370075
11.64395373
11.65702581
11.68266824
11.96081129
12.34583459
11.50034668
11.50791292
12.20582261
12.5776362
11.40700924
11.75587164
11.80559508
11.27720313
12.11724143
12.5998025
11.75194237
11.74324322
11.51242534
11.8277362
11.73566894
11.65225253
11.8702502
11.84904049
11.76756768
11.66564655
12.38002595
11.70354582
11.89818787
11.22390917
11.77143616
12.40901349
11.58524613
11.9511804
12.43916653
11.6784399
11.7905572
11.71177632
11.57119437
11.62177987
11.48760766
11.54248427
11.60823564
11.53761808
11.28915672
11.65268741
11.38509209
12.33929149
11.76368418
11.68687877
11.73606902
11.58524613
11.28978191
11.71095632
11.46163217
11.15625052
11.51242534
11.16542261
11.96718074
11.72803684
11.76756768
11.20504069
11.62625415
11.27720313
11.55214618
12.04325956
11.99380721
12.00456827
11.73206099
11.82114519
11.47210347
11.35040654
11.68266824
11.70354582
11.54151292
11.6784399
11.13458902
11.73606902
11.62625415
11.58058411
12.04355372
11.27657002
11.38509209
11.5228758
11.15625052
11.8493977
11.66992921
12.10071213
11.7905572
11.86358234
11.35627165
11.53272809
11.91170158
11.43171541
11.58524613
11.8913619
11.92171836
11.41861479
11.58058411
11.70354582
11.50287513
11.77528973
11.25544923
12.27839331
11.65355659
11.15610765
11.69524702
11.86358234
11.38452375
11.71177632
11.6784399
12.95984445
11.9511804
11.62580762
11.81303006
11.4295982
11.00209984
12.1281111
11.88379913
12.34147728
11.62625415
11.38361373
11.81303006
11.93147131
11.27720313
11.8913619
11.43496392
11.51242534
11.88793137
11.86182022
12.18586994
11.73606902
12.15451616
11.81672692
12.27839331
11.31447453
12.57418197
11.72399644
11.42954386
12.25486281
11.97665948
11.32659589
12.07823927
11.40756495
12.80765263
11.90834024
11.62625415
12.41714362
11.40700924
12.4292162
11.97665948
11.72318639
11.60823564
11.28853113
12.44114477
11.58058411
11.14186178
11.96718074
11.69524702
11.6784399
11.99843328
11.45423647
11.68687877
11.77528973
12.25486281
11.32055357
11.33857208
11.33857208
11.43496392
11.67419361
11.73566894
11.45105006
11.7745202
11.32659589
11.56171563
12.23076526
11.96400108
12.15477935
11.99843328
12.09514108
11.47210347
11.56171563
11.95440101
11.72803684
11.28978191
11.450518
11.28978191
11.56646623
11.26446411
11.92503512
11.76368418
11.2245765
11.54248427
11.83500896
11.34805082
11.8277362
11.74403719
11.39075783
11.35040654
11.27720313
11.22524339
11.16336799
11.55214618
11.91839057
11.66992921
11.3707857
11.27720313
11.15625052
11.84904049
12.60115066
11.68687877
11.56171563
12.02574909
11.1844214
11.84222921
11.10495723
11.7977284
11.99535161
11.29694371
11.81303006
11.91839057
11.47729829
11.53761808
12.32607544
11.91839057
11.6784399
11.65268741
11.97571564
11.89818787
12.31268238
11.8913619
11.77528973
11.77528973
12.5776362
11.70064907
11.62401951
11.30220443
11.31447453
12.07254125
11.68687877
11.65268741
12.20607265
11.49272276
10.858999
11.84222921
12.04941884
11.58524613
11.69940503
11.5228758
11.14475614
11.9511804
11.84222921
11.9511804
12.25486281
11.9316358
11.87756858
12.09514108
11.83500896
11.90496755
11.56171563
12.40901349
11.87059991
11.38509209
11.21182037
11.54829261
11.41696507
11.33857208
11.66992921
11.4019939
11.84868316
11.73606902
11.97035031
11.36210258
12.46071486
11.94145585
11.31447453
12.25247902
12.51539389
11.88448902
11.39075783
11.69524702
11.11332811
12.8346813
11.77143616
12.14950229
11.33738089
11.72803684
11.70354582
11.67419361
12.52452638
11.46163217
11.98292909
11.49781183
11.58058411
11.40756495
11.91839057
11.94470788
12.15477935
11.42954386
11.12726298
11.62892914
11.56171563
12.27139211
11.84222921
11.88448902
11.72399644
11.08214255
11.49781183
11.61728548
11.96876678
12.04941884
11.8493977
11.6784399
11.7905572
11.4019939
12.47609978
11.35040654
11.57119437
11.35034771
12.07710226
11.40756495
11.00209984
11.91839057
11.87059991
11.68687877
11.41751528
11.28978191
11.22524339
11.79810441
11.70313252
11.70766954
11.65225253
11.42954386
11.73566894
11.77143616
11.82041016
11.66992921
11.46163217
11.91839057
11.81265962
11.3736634
12.29728353
11.97665948
11.87059991
11.44035477
11.55214618
11.08198869
11.54248427
11.56171563
11.2835123
12.10043431
11.33857208
11.91805718
11.98292909
11.51292546
11.8313792
11.79433792
11.50287513
11.84581988
11.86358234
11.71953305
11.8277362
11.97665948
12.69771545
11.75194237
11.78676213
12.28534583
11.51292546
11.65702581
12.08953883
12.27839331
11.77528973
12.42319812
11.41310513
11.56171563
12.1388639
12.12757042
11.40756495
12.02574909
12.03469103
11.69441334
11.69107165
11.35040654
11.3009691
11.42954386
11.6307085
11.51242534
12.10625231
11.08214255
11.79810441
11.2515607
11.72803684
11.15625052
11.62177987
11.69524702
11.8493977
11.63425775
11.6307085
11.92337811
12.05524976
11.38281678
11.45635511
11.81303006
11.44571672
11.81303006
11.65268741
11.36210258
11.88448902
11.11988288
11.69441334
11.607781
11.8913619
11.03650127
11.74799759
12.06681058
12.46071486
11.64395373
12.05583098
11.40756495
11.14186178
11.65268741
12.10043431
11.05089001
11.8277362
11.51691749
11.31447453
11.71452664
11.35040654
11.65268741
11.6351431
12.69158046
11.42954386
11.2708539
11.77490504
12.43718437
12.25486281
11.48760766
11.79433792
11.28915672
12.1281111
11.39639165
11.46163217
11.76756768
11.47210347
11.40700924
11.3083583
12.01370075
12.52452638
12.07254125
11.8493977
11.81265962
11.4019939
11.84186944
11.8913619
12.15477935
11.91672252
11.52079442
11.69524702
11.28853113
11.74799759
11.33857208
11.44035477
11.35040654
12.60484877
11.76679219
11.65268741
11.8493977
11.40700924
12.04941884
11.32055357
11.75978554
11.83500896
11.47210347
12.01370075
11.91170158
12.10071213
12.5776362
11.14547842
11.81303006
11.56171563
11.66821835
11.86639528
11.84222921
11.71177632
11.47729829
11.47210347
11.81303006
11.8493977
11.7829526
11.28978191
11.96718074
11.84581988
11.40700924
11.48246626
11.26446411
11.35040654
11.79810441
11.33618829
11.2515607
11.39582969
11.89067673
11.36789969
11.8493977
12.14153412
11.49272276
12.20607265
11.79735224
11.68687877
11.59910316
11.64395373
11.4019939
12.21849517
11.52188521
11.92503512
11.73606902
11.47626148
11.9381932
11.77528973
12.00762171
11.53223778
12.54254488
11.46163217
11.91839057
11.7191263
11.08214255
12.18586994
12.11176197
12.04296531
11.3736634
11.19134184
11.84222921
11.72399644
11.40700924
12.1281111
11.08137302
11.94470788
12.37581542
11.33857208
11.48760766
11.4019939
11.1844214
11.9511804
11.49272276
11.69524702
12.30138283
11.47729829
11.97665948
11.87059991
11.393973
11.35040654
11.60823564
11.47210347
11.91772368
11.36210258
12.05524976
12.38839004
12.04296531
11.90496755
11.75978554
11.22524339
11.62625415
12.01370075
11.18372671
11.77490504
11.37939407
11.71586631
11.58988651
11.69316152
11.00126616
11.22524339
11.62177987
11.23848862
11.59818531
11.51242534
12.16264309
11.81265962
11.74403719
11.82041016
11.35040654
11.46163217
12.39669301
12.05524976
11.47729829
11.00126616
12.25486281
11.27720313
12.36904147
11.26446411
12.06104687
11.26318123
11.77490504
12.07254125
11.58058411
12.01066585
11.75194237
11.50287513
11.68687877
11.19134184
12.30138283
11.24504602
11.30220443
12.10348606
11.71993963
11.42470609
11.36789969
11.22524339
11.76756768
11.1844214
11.9381932
11.49272276
12.06104687
11.73606902
10.96819829
11.76679219
11.42409425
12.01370075
11.44571672
11.31447453
11.35040654
11.65268741
11.71177632
11.35040654
11.70354582
11.61787089
11.75194237
11.77528973
11.70354582
12.4292162
11.33857208
11.74403719
11.65225253
11.80559508
11.48246626
11.49272276
11.46163217
11.68687877
12.11176197
11.75154859
11.71993963
12.02873863
11.35627165
11.69483027
11.33857208
11.73606902
11.78257085
11.51292546
11.86358234
11.47210347
11.7745202
11.34450681
11.42300076
11.450518
11.66134547
11.11988288
11.40700924
11.03003921
11.73566894
11.9511804
11.48246626
11.90496755
11.46163217
11.09741002
11.69524702
11.8277362
11.45105006
11.81731715
11.34922937
11.6351431
11.75587164
11.71177632
11.55694235
11.2515607
11.50846553
11.40478331
12.04414178
11.79810441
